12
0 21 35 42 29 47 27 46 20 34 42 36
21 0 16 59 40 35 24 38 37 35 59 18
35 16 0 74 55 24 25 46 47 48 75 4
42 59 74 0 22 89 69 57 48 38 3 76
29 40 55 22 0 73 55 36 44 16 24 57
47 35 24 89 73 0 22 70 50 70 89 20
27 24 25 69 55 22 0 62 28 56 68 22
46 38 46 57 36 70 62 0 66 19 59 50
20 37 47 48 44 50 28 66 0 52 47 46
34 35 48 38 16 70 56 19 52 0 40 51
42 59 75 3 24 89 68 59 47 40 0 76
36 18 4 76 57 20 22 50 46 51 76 0
0 5 1 2 5 1 5 5 4 1 2 1
